19
28
20
43
16
39
15
46
23
22
48
21
18
49
43
40
15
46
20
13
42
27
12
47
33
29
22
26
23
43
42
15
46
38
41
16
38
19
26
42
13
26
41
12
42
49
14
29
40
22
13
38
46
28
26
48
40
16
26
14
21
12
34
21
30
21
40
22
40
43
14
13
33
47
37
32
27
26
49
25
43
42
13
29
14
33
31
18
15
36
31
16
37
27
37
12
10
43
46
24
20
32
32
43
40
39
42
45
27
28
36
49
11
49
34
35
19
34
12
41
11
10
38
28
29
12
28
43
21
31
31
25
18
14
46
16
36
16
36
47
44
36
36
40
22
49
12
34
11
34
33
32
27
40
10
45
48
25
11
25
40
23
34
41
37
18
30
40
47
33
27
12
17
18
16
23
33
27
28
20
27
28
25
34
27
13
42
32
48
36
42
49
28
14
21
33
30
49
15
23
19
27
29
43
12
33
12
34
36
40
12
47
39
39
48
11
21
31
28
35
39
43
34
16
31
15
14
46
12
13
23
36
18
32
48
12
37
13
45
34
38
14
35
49
40
41
13
11
42
42
18
11
26
14
26
35
33
45
12
36
29
34
10
27
23
40
12
41
37
13
15
25
25
37
16
30
45
35
16
39
18
25
32
13
22
46
12
43
24
32
13
29
10
27
43
40
34
42
45
44
30
37
30
33
10
13
30
31
49
44
44
20
17
12
43
23
23
45
40
26
30
17
20
13
47
37
36
18
22
10
39
25
12
34
28
10
12
47
37
37
18
37
29
17
21
16
20
28
42
23
17
41
11
24
27
47
10
49
22
25
11
39
45
27
17
43
31
17
10
41
33
30
21
10
19
19
48
10
22
49
31
43
38
46
27
47
41
31
15
47
49
34
17
25
36
43
42
48
23
11
42
17
32
27
35
25
34
12
45
43
18
38
49
37
46
31
49
23
35
14
15
37
20
43
37
17
35
28
46
27
10
16
34
23
29
13
12
48
44
30
37
24
21
10
41
27
40
27
15
46
17
29
16
13
47
25
44
25
11
45
40
32
21
47
48
41
21
21
19
31
22
14
38
24
36
38
35
40
46
38
31
22
39
26
38
11
47
46
16
37
28
24
29
39
20
22
37
21
27
30
21
12
13
38
41
39
26
44
38
19
21
33
44
48
42
32
42
20
14
38
27
42
35
40
24
31
15
25
46
35
14
39
17
41
44
20
41
17
49
37
14
25
15
36
33
11
18
22
27
23
46
36
36
16
38
29
12
13
32
49
21
43
44
35
30
36
39
19
39
19
28
18
22
22
26
46
39
27
30
33
11
42
34
13
19
47
34
14
36
41
32
45
42
32
31
20
23
26
31
37
14
29
37
49
36
25
41
19
10
17
35
31
13
21
14
25
43
32
27
17
13
23
41
24
18
32
11
29
38
49
49
14
14
16
25
36
39
29
41
20
26
48
49
25
17
33
42
31
19
46
13
11
35
44
35
18
17
29
43
14
32
46
23
25
13
11
33
39
43
17
46
13
23
43
41
27
14
20
22
48
48
22
16
35
27
21
14
28
23
30
43
37
40
27
15
44
39
37
36
43
39
18
14
43
14
22
38
14
37
35
19
35
28
25
40
46
13
18
31
32
19
46
41
46
13
42
11
26
26
10
46
46
41
22
41
36
13
43
38
32
40
41
14
35
26
24
18
31
44
36
15
48
43
47
47
26
21
37
16
11
10
27
49
19
36
34
30
44
37
27
48
24
37
25
26
15
38
15
34
40
13
17
23
39
15
32
18
47
35
48
33
32
26
19
21
12
21
37
33
14
25
13
38
49
44
29
22
20
24
48
18
32
46
43
33
34
44
28
46
36
26
44
20
13
22
35
10
11
48
30
17
44
22
41
26
16
16
31
15
14
13
23
20
35
38
13
35
18
47
11
35
48
28
34
35
20
34
29
10
36
17
45
15
34
25
28
17
44
29
30
19
12
42
34
34
12
20
20
34
48
41
11
15
32
16
19
26
18
10
31
23
28
26
47
25
48
20
12
16
47
40
28
19
35
24
30
13
16
12
40
15
31
46
30
39
41
43
11
31
37
42
19
41
42
42
36
14
33
14
41
39
38
30
49
15
20
27
46
38
12
32
33
43
10
17
32
48
25
40
32
16
48
10
33
23
13
31
22
34
10
25
13
46
24
19
46
45
34
28
29
16
21
16
26
30
48
25
10
26
26
49
19
10
40
25
43
40
33
13
40
46
14
24
47
36
35
43
29
21
19
16
31
19
41
