41
48
31
54
58
49
55
50
43
54
31
55
56
30
30
38
41
37
39
58
39
57
36
53
45
32
35
49
41
47
37
55
56
40
56
47
41
59
31
32
42
44
52
47
44
46
50
55
59
46
51
31
30
33
39
41
37
43
40
41
39
36
37
44
55
37
56
33
31
42
50
52
43
52
49
34
41
59
56
44
43
48
34
32
49
33
30
43
46
48
56
48
40
56
53
43
38
41
45
57
44
37
47
46
30
55
40
45
36
44
36
50
49
39
34
51
36
34
38
47
34
42
54
51
44
48
43
34
46
56
37
50
31
45
49
48
55
39
37
34
40
45
30
36
32
31
34
46
40
59
36
53
56
36
34
48
34
35
31
41
30
31
55
30
33
53
50
51
31
53
43
47
51
55
56
47
49
48
46
51
42
49
36
35
36
40
37
58
35
48
52
57
33
46
57
36
36
34
53
55
59
59
54
32
48
37
55
45
45
40
54
51
37
56
49
52
33
50
54
34
41
44
31
52
30
43
53
44
45
35
48
35
38
44
41
53
45
41
47
56
59
51
44
37
53
30
38
31
46
46
34
53
52
48
51
40
34
32
48
34
59
52
58
53
49
45
39
44
57
40
30
37
42
48
59
42
49
55
43
32
48
43
56
39
33
58
50
49
36
35
41
43
57
33
36
40
48
44
50
45
32
47
36
54
37
42
58
40
52
44
43
56
58
39
48
34
55
44
44
38
36
36
42
54
38
31
42
41
49
51
36
59
55
36
30
31
51
49
49
56
41
53
54
58
58
37
30
36
46
40
31
31
56
59
30
46
43
49
58
47
34
49
37
59
55
42
40
49
34
54
44
35
52
51
48
45
37
35
46
46
31
45
30
48
41
54
45
56
55
30
34
54
50
47
40
49
43
52
32
44
50
49
42
51
32
34
39
55
51
35
33
46
53
45
31
44
49
37
40
35
43
38
45
45
59
37
34
57
37
41
31
41
35
52
40
51
51
41
57
36
43
51
50
41
31
32
37
31
52
45
45
44
59
44
37
46
51
59
38
44
36
38
41
55
30
36
40
30
36
41
54
52
37
51
53
34
49
50
56
32
39
31
52
30
55
34
49
32
30
39
46
35
54
34
47
41
35
36
37
41
50
45
45
32
46
52
47
34
40
44
48
54
39
56
52
50
53
59
58
55
42
35
45
51
46
57
58
56
44
52
36
58
33
58
42
56
55
54
33
32
34
42
56
48
57
53
41
45
44
51
51
40
43
50
39
38
55
44
50
55
46
56
32
56
38
51
38
59
53
58
43
40
39
35
51
48
48
52
31
47
53
56
59
35
32
39
48
45
57
45
49
57
56
31
59
35
34
43
46
36
33
37
32
38
36
45
59
57
33
57
46
33
31
53
35
46
43
50
39
54
46
40
31
37
42
39
48
33
30
42
57
54
33
58
33
57
36
49
38
44
54
55
54
53
51
46
30
38
38
36
55
37
38
40
42
35
36
35
33
38
40
43
54
49
44
36
46
42
35
50
49
59
30
41
49
42
58
46
49
36
58
41
42
50
53
39
34
43
47
57
58
52
50
32
30
32
48
36
45
50
49
31
43
39
49
50
41
59
36
49
32
48
40
50
56
58
50
55
53
36
43
53
43
43
52
44
30
53
33
55
43
58
35
49
55
40
44
35
43
35
30
49
37
56
39
33
50
33
38
52
34
31
52
40
55
58
37
59
37
49
56
30
50
59
59
46
58
42
50
31
53
53
43
33
36
38
36
53
33
38
55
58
41
43
55
59
33
37
36
59
56
30
41
42
51
52
42
47
30
59
37
46
42
30
43
57
49
56
32
54
58
59
41
34
49
57
49
52
31
34
41
54
40
42
41
48
53
34
41
51
46
40
58
54
47
36
37
47
42
36
44
43
58
55
50
32
36
32
32
57
43
44
32
42
42
48
52
30
52
57
44
32
40
58
32
43
35
49
47
36
55
36
32
40
48
43
30
47
46
48
45
45
35
32
58
56
53
54
58
53
53
59
57
43
48
39
56
59
51
56
52
49
51
38
43
39
54
35
54
33
51
59
55
40
42
45
33
53
50
52
34
44
32
34
32
37
31
36
53
48
56
36
55
41
38
44
39
49
50
43
53
42
44
52
48
36
58
54
47
42
41
45
39
40
44
57
49
30
39
36
52
40
57
39
48
39
39
50
31
37
44
45
37
57
58
32
45
54
53
31
50
59
30
52
55
38
40
45
55
54
59
42
35
41
31
54
42
53
35
38
41
46
37
48
